1.3 	0.98800885
1.3010017 	0.98706808
1.3020033 	0.9866658
1.303005 	0.98626352
1.3040067 	0.98586125
1.3050083 	0.98545897
1.30601 	0.98505669
1.3070117 	0.98465441
1.3080134 	0.98425214
1.309015 	0.98384986
1.3100167 	0.98344758
1.3110184 	0.9830453
1.31202 	0.98264303
1.3130217 	0.98224075
1.3140234 	0.98183847
1.315025 	0.98143619
1.3160267 	0.98103392
1.3170284 	0.98063164
1.3180301 	0.98022936
1.3190317 	0.97982709
1.3200334 	0.97942481
1.3210351 	0.97902253
1.3220367 	0.97862025
1.3230384 	0.97821798
1.3240401 	0.9778157
1.3250417 	0.97732743
1.3260434 	0.97716647
1.3270451 	0.9770055
1.3280467 	0.97684454
1.3290484 	0.97668357
1.3300501 	0.97652261
1.3310518 	0.97636164
1.3320534 	0.97620068
1.3330551 	0.97603971
1.3340568 	0.97587875
1.3350584 	0.97571779
1.3360601 	0.97555682
1.3370618 	0.97539586
1.3380634 	0.97523489
1.3390651 	0.97507393
1.3400668 	0.97491296
1.3410684 	0.974752
1.3420701 	0.97459103
1.3430718 	0.97443007
1.3440735 	0.97426911
1.3450751 	0.97410814
1.3460768 	0.97394718
1.3470785 	0.97378621
1.3480801 	0.97362525
1.3490818 	0.97362568
1.3500835 	0.97432704
1.3510851 	0.97521266
1.3520868 	0.97571551
1.3530885 	0.97621836
1.3540902 	0.97672121
1.3550918 	0.97722406
1.3560935 	0.97772691
1.3570952 	0.97822976
1.3580968 	0.97873261
1.3590985 	0.97923546
1.3601002 	0.97973831
1.3611018 	0.98024116
1.3621035 	0.98074401
1.3631052 	0.98124686
1.3641068 	0.98174971
1.3651085 	0.98225256
1.3661102 	0.98275541
1.3671119 	0.98325826
1.3681135 	0.98376112
1.3691152 	0.98426397
1.3701169 	0.98476682
1.3711185 	0.98526967
1.3721202 	0.98577252
1.3731219 	0.98627537
1.3741235 	0.98677822
1.3751252 	0.98757086
1.3761269 	0.98797358
1.3771285 	0.9883763
1.3781302 	0.98877903
1.3791319 	0.98918175
1.3801336 	0.98958447
1.3811352 	0.98998719
1.3821369 	0.99038991
1.3831386 	0.99079264
1.3841402 	0.99119536
1.3851419 	0.99159808
1.3861436 	0.9920008
1.3871452 	0.99240352
1.3881469 	0.99280625
1.3891486 	0.99320897
1.3901503 	0.99361169
1.3911519 	0.99401441
1.3921536 	0.99441713
1.3931553 	0.99481986
1.3941569 	0.99522258
1.3951586 	0.9956253
1.3961603 	0.99602802
1.3971619 	0.99643075
1.3981636 	0.99683347
1.3991653 	0.99730998
1.4001669 	0.99759426
1.4011686 	0.99756304
1.4021703 	0.99754968
1.403172 	0.99753633
1.4041736 	0.99752297
1.4051753 	0.99750961
1.406177 	0.99749625
1.4071786 	0.9974829
1.4081803 	0.99746954
1.409182 	0.99745618
1.4101836 	0.99744282
1.4111853 	0.99742947
1.412187 	0.99741611
1.4131886 	0.99740275
1.4141903 	0.99738939
1.415192 	0.99737604
1.4161937 	0.99736268
1.4171953 	0.99734932
1.418197 	0.99733597
1.4191987 	0.99732261
1.4202003 	0.99730925
1.421202 	0.99729589
1.4222037 	0.99728254
1.4232053 	0.99726918
1.424207 	0.99725582
1.4252087 	0.99710806
1.4262104 	0.9969641
1.427212 	0.99682015
1.4282137 	0.99667619
1.4292154 	0.99653223
1.430217 	0.99638828
1.4312187 	0.99624432
1.4322204 	0.99610036
1.433222 	0.9959564
1.4342237 	0.99581245
1.4352254 	0.99566849
1.436227 	0.99552453
1.4372287 	0.99538058
1.4382304 	0.99523662
1.4392321 	0.99509266
1.4402337 	0.9949487
1.4412354 	0.99480475
1.4422371 	0.99466079
1.4432387 	0.99451683
1.4442404 	0.99437288
1.4452421 	0.99422892
1.4462437 	0.99408496
1.4472454 	0.99394101
1.4482471 	0.99379705
1.4492487 	0.99365144
1.4502504 	0.99354604
1.4512521 	0.99335301
1.4522538 	0.99312822
1.4532554 	0.99290343
1.4542571 	0.99267865
1.4552588 	0.99245386
1.4562604 	0.99222908
1.4572621 	0.99200429
1.4582638 	0.99177951
1.4592654 	0.99155472
1.4602671 	0.99132994
1.4612688 	0.99110515
1.4622705 	0.99088036
1.4632721 	0.99065558
1.4642738 	0.99043079
1.4652755 	0.99020601
1.4662771 	0.98998122
1.4672788 	0.98975644
1.4682805 	0.98953165
1.4692821 	0.98930686
1.4702838 	0.98908208
1.4712855 	0.98885729
1.4722871 	0.98863251
1.4732888 	0.98840772
1.4742905 	0.98818294
1.4752922 	0.9880013
1.4762938 	0.98788279
1.4772955 	0.98776427
1.4782972 	0.98764575
1.4792988 	0.98752723
1.4803005 	0.98740872
1.4813022 	0.9872902
1.4823038 	0.98717168
1.4833055 	0.98705316
1.4843072 	0.98693465
1.4853088 	0.98681613
1.4863105 	0.98669761
1.4873122 	0.9865791
1.4883139 	0.98646058
1.4893155 	0.98634206
1.4903172 	0.98622354
1.4913189 	0.98610503
1.4923205 	0.98598651
1.4933222 	0.98586799
1.4943239 	0.98574947
1.4953255 	0.98563096
1.4963272 	0.98551244
1.4973289 	0.98539392
1.4983306 	0.9852754
1.4993322 	0.98515689
1.5003339 	0.98529154
1.5013356 	0.98541791
1.5023372 	0.98555312
1.5033389 	0.98568833
1.5043406 	0.98582354
1.5053422 	0.98595874
1.5063439 	0.98609395
1.5073456 	0.98622916
1.5083472 	0.98636437
1.5093489 	0.98649958
1.5103506 	0.98663478
1.5113523 	0.98676999
1.5123539 	0.9869052
1.5133556 	0.98704041
1.5143573 	0.98717562
1.5153589 	0.98731082
1.5163606 	0.98744603
1.5173623 	0.98758124
1.5183639 	0.98771645
1.5193656 	0.98785166
1.5203673 	0.98798686
1.5213689 	0.98812207
1.5223706 	0.98825728
1.5233723 	0.98839249
1.524374 	0.9885277
1.5253756 	0.98866617
1.5263773 	0.98887837
1.527379 	0.98909058
1.5283806 	0.98930278
1.5293823 	0.98951499
1.530384 	0.98972719
1.5313856 	0.9899394
1.5323873 	0.9901516
1.533389 	0.99036381
1.5343907 	0.99057601
1.5353923 	0.99078822
1.536394 	0.99100042
1.5373957 	0.99121263
1.5383973 	0.99142483
1.539399 	0.99163704
1.5404007 	0.99184924
1.5414023 	0.99206144
1.542404 	0.99227365
1.5434057 	0.99248585
1.5444073 	0.99269806
1.545409 	0.99291026
1.5464107 	0.99312247
1.5474124 	0.99333467
1.548414 	0.99354688
1.5494157 	0.99375908
1.5504174 	0.99384423
1.551419 	0.99387049
1.5524207 	0.99389675
1.5534224 	0.99392301
1.554424 	0.99394927
1.5554257 	0.99397553
1.5564274 	0.99400179
1.557429 	0.99402805
1.5584307 	0.99405431
1.5594324 	0.99408057
1.5604341 	0.99410683
1.5614357 	0.99413309
1.5624374 	0.99415934
1.5634391 	0.9941856
1.5644407 	0.99421186
1.5654424 	0.99423812
1.5664441 	0.99426438
1.5674457 	0.99429064
1.5684474 	0.9943169
1.5694491 	0.99434316
1.5704508 	0.99436942
1.5714524 	0.99439568
1.5724541 	0.99442194
1.5734558 	0.9944482
1.5744574 	0.99447446
1.5754591 	0.99446738
1.5764608 	0.99442244
1.5774624 	0.9943775
1.5784641 	0.99433256
1.5794658 	0.99428762
1.5804674 	0.99424268
1.5814691 	0.99419774
1.5824708 	0.99415281
1.5834725 	0.99410787
1.5844741 	0.99406293
1.5854758 	0.99401799
1.5864775 	0.99397305
1.5874791 	0.99392811
1.5884808 	0.99388317
1.5894825 	0.99383823
1.5904841 	0.9937933
1.5914858 	0.99374836
1.5924875 	0.99370342
1.5934891 	0.99365848
1.5944908 	0.99361354
1.5954925 	0.9935686
1.5964942 	0.99352366
1.5974958 	0.99347872
1.5984975 	0.99343379
1.5994992 	0.99338432
1.6005008 	0.99337223
1.6015025 	0.99353608
1.6025042 	0.99369993
1.6035058 	0.99386377
1.6045075 	0.99402762
1.6055092 	0.99419147
1.6065109 	0.99435531
1.6075125 	0.99451916
1.6085142 	0.99468301
1.6095159 	0.99484685
1.6105175 	0.9950107
1.6115192 	0.99517455
1.6125209 	0.99533839
1.6135225 	0.99550224
1.6145242 	0.99566609
1.6155259 	0.99582993
1.6165275 	0.99599378
1.6175292 	0.99615763
1.6185309 	0.99632147
1.6195326 	0.99648532
1.6205342 	0.99664917
1.6215359 	0.99681301
1.6225376 	0.99697686
1.6235392 	0.99714071
1.6245409 	0.99730455
1.6255426 	0.99720528
1.6265442 	0.99687287
1.6275459 	0.99654046
1.6285476 	0.99620805
1.6295492 	0.99587564
1.6305509 	0.99554323
1.6315526 	0.99521082
1.6325543 	0.99487841
1.6335559 	0.99454599
1.6345576 	0.99421358
1.6355593 	0.99388117
1.6365609 	0.99354876
1.6375626 	0.99321635
1.6385643 	0.99288394
1.6395659 	0.99255153
1.6405676 	0.99221912
1.6415693 	0.99188671
1.642571 	0.9915543
1.6435726 	0.99122188
1.6445743 	0.99088947
1.645576 	0.99055706
1.6465776 	0.99022465
1.6475793 	0.98989224
1.648581 	0.98955983
1.6495826 	0.989281
1.6505843 	0.98668656
1.651586 	0.98050121
1.6525876 	0.97431586
1.6535893 	0.96813051
1.654591 	0.96194516
1.6555927 	0.95575981
1.6565943 	0.94957446
1.657596 	0.9433891
1.6585977 	0.93720375
1.6595993 	0.9310184
1.660601 	0.92483305
1.6616027 	0.9186477
1.6626043 	0.91246235
1.663606 	0.906277
1.6646077 	0.90009165
1.6656093 	0.8939063
1.666611 	0.88772095
1.6676127 	0.88153559
1.6686144 	0.87535024
1.669616 	0.86916489
1.6706177 	0.86297954
1.6716194 	0.85679419
1.672621 	0.85060884
1.6736227 	0.84442349
1.6746244 	0.83823814
1.675626 	0.82493842
1.6766277 	0.8078631
1.6776294 	0.79078777
1.6786311 	0.77371244
1.6796327 	0.75663711
1.6806344 	0.73956178
1.6816361 	0.72248645
1.6826377 	0.70541112
1.6836394 	0.68833579
1.6846411 	0.67126046
1.6856427 	0.65418513
1.6866444 	0.6371098
1.6876461 	0.62003447
1.6886477 	0.60295914
1.6896494 	0.58588382
1.6906511 	0.56880849
1.6916528 	0.55173316
1.6926544 	0.53465783
1.6936561 	0.5175825
1.6946578 	0.50050717
1.6956594 	0.48343184
1.6966611 	0.46635651
1.6976628 	0.44928118
1.6986644 	0.43220585
1.6996661 	0.415852
1.7006678 	0.39949544
1.7016694 	0.38566069
1.7026711 	0.37182593
1.7036728 	0.35799117
1.7046745 	0.34415642
1.7056761 	0.33032166
1.7066778 	0.3164869
1.7076795 	0.30265214
1.7086811 	0.28881739
1.7096828 	0.27498263
1.7106845 	0.26114787
1.7116861 	0.24731312
1.7126878 	0.23347836
1.7136895 	0.2196436
1.7146912 	0.20580884
1.7156928 	0.19197409
1.7166945 	0.17813933
1.7176962 	0.16430457
1.7186978 	0.15046982
1.7196995 	0.13663506
1.7207012 	0.1228003
1.7217028 	0.10896554
1.7227045 	0.095130786
1.7237062 	0.081296029
1.7247078 	0.067461272
1.7257095 	0.062235927
1.7267112 	0.05972627
1.7277129 	0.057216613
1.7287145 	0.054706956
1.7297162 	0.052197299
1.7307179 	0.049687642
1.7317195 	0.047177985
1.7327212 	0.044668327
1.7337229 	0.04215867
1.7347245 	0.039649013
1.7357262 	0.037139356
1.7367279 	0.034629699
1.7377295 	0.032120042
1.7387312 	0.029610385
1.7397329 	0.027100727
1.7407346 	0.02459107
1.7417362 	0.022081413
1.7427379 	0.019571756
1.7437396 	0.017062099
1.7447412 	0.014552442
1.7457429 	0.012042785
1.7467446 	0.0095331275
1.7477462 	0.0070234704
1.7487479 	0.0045138132
1.7497496 	0.000694599
