1.5 	0.99870223
1.5010017 	0.99845765
1.5020033 	0.9982578
1.503005 	0.99805795
1.5040067 	0.9978581
1.5050083 	0.99765825
1.50601 	0.99745841
1.5070117 	0.99725856
1.5080134 	0.99705871
1.509015 	0.99685886
1.5100167 	0.99665902
1.5110184 	0.99645917
1.51202 	0.99625932
1.5130217 	0.99605947
1.5140234 	0.99585963
1.515025 	0.99565978
1.5160267 	0.99545993
1.5170284 	0.99526008
1.5180301 	0.99506024
1.5190317 	0.99486039
1.5200334 	0.99466054
1.5210351 	0.99446069
1.5220367 	0.99426085
1.5230384 	0.994061
1.5240401 	0.99386115
1.5250417 	0.99354817
1.5260434 	0.99330012
1.5270451 	0.99305208
1.5280467 	0.99280403
1.5290484 	0.99255599
1.5300501 	0.99230794
1.5310518 	0.99205989
1.5320534 	0.99181185
1.5330551 	0.9915638
1.5340568 	0.99131575
1.5350584 	0.99106771
1.5360601 	0.99081966
1.5370618 	0.99057161
1.5380634 	0.99032357
1.5390651 	0.99007552
1.5400668 	0.98982748
1.5410684 	0.98957943
1.5420701 	0.98933138
1.5430718 	0.98908334
1.5440735 	0.98883529
1.5450751 	0.98858724
1.5460768 	0.9883392
1.5470785 	0.98809115
1.5480801 	0.9878431
1.5490818 	0.98764973
1.5500835 	0.98778131
1.5510851 	0.98784604
1.5520868 	0.98791076
1.5530885 	0.98797549
1.5540902 	0.98804022
1.5550918 	0.98810494
1.5560935 	0.98816967
1.5570952 	0.9882344
1.5580968 	0.98829912
1.5590985 	0.98836385
1.5601002 	0.98842858
1.5611018 	0.9884933
1.5621035 	0.98855803
1.5631052 	0.98862275
1.5641068 	0.98868748
1.5651085 	0.98875221
1.5661102 	0.98881693
1.5671119 	0.98888166
1.5681135 	0.98894639
1.5691152 	0.98901111
1.5701169 	0.98907584
1.5711185 	0.98914057
1.5721202 	0.98920529
1.5731219 	0.98927002
1.5741235 	0.98933474
1.5751252 	0.98949261
1.5761269 	0.98962238
1.5771285 	0.98975215
1.5781302 	0.98988191
1.5791319 	0.99001168
1.5801336 	0.99014145
1.5811352 	0.99027122
1.5821369 	0.99040099
1.5831386 	0.99053076
1.5841402 	0.99066053
1.5851419 	0.99079029
1.5861436 	0.99092006
1.5871452 	0.99104983
1.5881469 	0.9911796
1.5891486 	0.99130937
1.5901503 	0.99143914
1.5911519 	0.99156891
1.5921536 	0.99169867
1.5931553 	0.99182844
1.5941569 	0.99195821
1.5951586 	0.99208798
1.5961603 	0.99221775
1.5971619 	0.99234752
1.5981636 	0.99247728
1.5991653 	0.99260705
1.6001669 	0.99264633
1.6011686 	0.99259455
1.6021703 	0.99254278
1.603172 	0.99249101
1.6041736 	0.99243924
1.6051753 	0.99238747
1.606177 	0.9923357
1.6071786 	0.99228393
1.6081803 	0.99223215
1.609182 	0.99218038
1.6101836 	0.99212861
1.6111853 	0.99207684
1.612187 	0.99202507
1.6131886 	0.9919733
1.6141903 	0.99192153
1.615192 	0.99186841
1.6161937 	0.99181372
1.6171953 	0.99175902
1.618197 	0.99170433
1.6191987 	0.99164964
1.6202003 	0.99159494
1.621202 	0.99154025
1.6222037 	0.99148556
1.6232053 	0.99143086
1.624207 	0.99137617
1.6252087 	0.99127453
1.6262104 	0.99101475
1.627212 	0.99075496
1.6282137 	0.99049518
1.6292154 	0.99023539
1.630217 	0.9899756
1.6312187 	0.98971582
1.6322204 	0.98945415
1.633222 	0.98918997
1.6342237 	0.98892579
1.6352254 	0.9886616
1.636227 	0.98839742
1.6372287 	0.98813324
1.6382304 	0.98786906
1.6392321 	0.98760487
1.6402337 	0.98734069
1.6412354 	0.98707651
1.6422371 	0.98681233
1.6432387 	0.98654815
1.6442404 	0.98628396
1.6452421 	0.98601978
1.6462437 	0.9857556
1.6472454 	0.98549142
1.6482471 	0.98522723
1.6492487 	0.98497208
1.6502504 	0.98497418
1.6512521 	0.98472139
1.6522538 	0.98446859
1.6532554 	0.9842158
1.6542571 	0.983963
1.6552588 	0.98371021
1.6562604 	0.98345742
1.6572621 	0.98320462
1.6582638 	0.98295183
1.6592654 	0.98269903
1.6602671 	0.98244624
1.6612688 	0.98219345
1.6622705 	0.98194065
1.6632721 	0.98168786
1.6642738 	0.98143506
1.6652755 	0.98118227
1.6662771 	0.98092947
1.6672788 	0.98067668
1.6682805 	0.98042389
1.6692821 	0.98017109
1.6702838 	0.9799183
1.6712855 	0.9796655
1.6722871 	0.97941271
1.6732888 	0.97915992
1.6742905 	0.97890712
1.6752922 	0.9789384
1.6762938 	0.97909375
1.6772955 	0.9792491
1.6782972 	0.97940444
1.6792988 	0.97955979
1.6803005 	0.97971514
1.6813022 	0.97987049
1.6823038 	0.98002583
1.6833055 	0.98018118
1.6843072 	0.98033653
1.6853088 	0.98049187
1.6863105 	0.98064722
1.6873122 	0.98080257
1.6883139 	0.98095792
1.6893155 	0.98111326
1.6903172 	0.98126861
1.6913189 	0.98142396
1.6923205 	0.9815793
1.6933222 	0.98173465
1.6943239 	0.98189
1.6953255 	0.98204535
1.6963272 	0.98220069
1.6973289 	0.98235604
1.6983306 	0.98251139
1.6993322 	0.98258798
1.7003339 	0.98248113
1.7013356 	0.98282562
1.7023372 	0.98320084
1.7033389 	0.98357605
1.7043406 	0.98395127
1.7053422 	0.98432648
1.7063439 	0.9847017
1.7073456 	0.98507691
1.7083472 	0.98545213
1.7093489 	0.98582734
1.7103506 	0.98620256
1.7113523 	0.98657777
1.7123539 	0.98695299
1.7133556 	0.9873282
1.7143573 	0.98770342
1.7153589 	0.98807863
1.7163606 	0.98845385
1.7173623 	0.98882906
1.7183639 	0.98920428
1.7193656 	0.98957949
1.7203673 	0.98995471
1.7213689 	0.99032992
1.7223706 	0.99070514
1.7233723 	0.99108035
1.724374 	0.99145557
1.7253756 	0.99169014
1.7263773 	0.99191268
1.727379 	0.99213522
1.7283806 	0.99235777
1.7293823 	0.99258031
1.730384 	0.99280285
1.7313856 	0.9930254
1.7323873 	0.99324794
1.733389 	0.99347049
1.7343907 	0.99369303
1.7353923 	0.99391557
1.736394 	0.99413812
1.7373957 	0.99436066
1.7383973 	0.9945832
1.739399 	0.99480575
1.7404007 	0.99502829
1.7414023 	0.99525084
1.742404 	0.99547338
1.7434057 	0.99569592
1.7444073 	0.99591847
1.745409 	0.99614101
1.7464107 	0.99636356
1.7474124 	0.9965861
1.748414 	0.99680864
1.7494157 	0.99698081
1.7504174 	0.99712344
1.751419 	0.99722703
1.7524207 	0.99731978
1.7534224 	0.99741252
1.754424 	0.99750527
1.7554257 	0.99759802
1.7564274 	0.99769077
1.757429 	0.99778352
1.7584307 	0.99787626
1.7594324 	0.99796901
1.7604341 	0.99806176
1.7614357 	0.99815451
1.7624374 	0.99824726
1.7634391 	0.99834
1.7644407 	0.99843275
1.7654424 	0.9985255
1.7664441 	0.99861825
1.7674457 	0.998711
1.7684474 	0.99880374
1.7694491 	0.99889649
1.7704508 	0.99898924
1.7714524 	0.99908199
1.7724541 	0.99917474
1.7734558 	0.99926749
1.7744574 	0.99936023
1.7754591 	0.99935981
1.7764608 	0.99928073
1.7774624 	0.99920166
1.7784641 	0.99912259
1.7794658 	0.99904351
1.7804674 	0.99896444
1.7814691 	0.99888537
1.7824708 	0.9988063
1.7834725 	0.99872722
1.7844741 	0.99864815
1.7854758 	0.99856908
1.7864775 	0.99849
1.7874791 	0.99841093
1.7884808 	0.99833186
1.7894825 	0.99825278
1.7904841 	0.99817371
1.7914858 	0.99809464
1.7924875 	0.99801557
1.7934891 	0.99793649
1.7944908 	0.99785742
1.7954925 	0.99777835
1.7964942 	0.99769927
1.7974958 	0.9976202
1.7984975 	0.99754113
1.7994992 	0.99748836
1.8005008 	0.99562975
1.8015025 	0.99224911
1.8025042 	0.98886079
1.8035058 	0.98547246
1.8045075 	0.98208414
1.8055092 	0.97869581
1.8065109 	0.97530749
1.8075125 	0.97191916
1.8085142 	0.96853084
1.8095159 	0.96514251
1.8105175 	0.96175419
1.8115192 	0.95836586
1.8125209 	0.95497754
1.8135225 	0.95158921
1.8145242 	0.94820089
1.8155259 	0.94481256
1.8165275 	0.94142424
1.8175292 	0.93803591
1.8185309 	0.93464759
1.8195326 	0.93125926
1.8205342 	0.92787094
1.8215359 	0.92448261
1.8225376 	0.92109429
1.8235392 	0.91770596
1.8245409 	0.91431764
1.8255426 	0.90339462
1.8265442 	0.88796549
1.8275459 	0.87253636
1.8285476 	0.85710723
1.8295492 	0.8416781
1.8305509 	0.82624898
1.8315526 	0.81081985
1.8325543 	0.79539072
1.8335559 	0.77996159
1.8345576 	0.76453246
1.8355593 	0.74910333
1.8365609 	0.73367421
1.8375626 	0.71824508
1.8385643 	0.70281595
1.8395659 	0.68738682
1.8405676 	0.67195769
1.8415693 	0.65652856
1.842571 	0.64109944
1.8435726 	0.62567031
1.8445743 	0.61024118
1.845576 	0.59481205
1.8465776 	0.57938292
1.8475793 	0.56395379
1.848581 	0.54852467
1.8495826 	0.53253271
1.8505843 	0.51429944
1.851586 	0.49766633
1.8525876 	0.48103611
1.8535893 	0.46440589
1.854591 	0.44777567
1.8555927 	0.43114544
1.8565943 	0.41451522
1.857596 	0.397885
1.8585977 	0.38125477
1.8595993 	0.36462455
1.860601 	0.34799433
1.8616027 	0.3313641
1.8626043 	0.31473388
1.863606 	0.29810366
1.8646077 	0.28147344
1.8656093 	0.26484321
1.866611 	0.24821299
1.8676127 	0.23158277
1.8686144 	0.21495254
1.869616 	0.19832232
1.8706177 	0.1816921
1.8716194 	0.16506188
1.872621 	0.14843165
1.8736227 	0.13180143
1.8746244 	0.11517121
1.875626 	0.10789664
1.8766277 	0.1034054
1.8776294 	0.098914151
1.8786311 	0.094422904
1.8796327 	0.089931658
1.8806344 	0.085440412
1.8816361 	0.080949166
1.8826377 	0.07645792
1.8836394 	0.071966673
1.8846411 	0.067475427
1.8856427 	0.062984181
1.8866444 	0.058492935
1.8876461 	0.054001689
1.8886477 	0.049510442
1.8896494 	0.045019196
1.8906511 	0.04052795
1.8916528 	0.036036704
1.8926544 	0.031545458
1.8936561 	0.027054211
1.8946578 	0.022562965
1.8956594 	0.018071719
1.8966611 	0.013580473
1.8976628 	0.0090892265
1.8986644 	0.0045979803
1.8996661 	0.00051786969
