40 1.70397
40.1 1.69736
40.2 1.69469
40.3 1.68932
40.4 1.67726
40.5 1.6703
40.6 1.67698
40.7 1.69155
40.8 1.70637
40.9 1.70922
41 1.70413
41.1 1.69751
41.2 1.69363
41.3 1.69179
41.4 1.69199
41.5 1.69596
41.6 1.70057
41.7 1.69846
41.8 1.69087
41.9 1.68414
42 1.67873
42.1 1.67387
42.2 1.6704
42.3 1.66883
42.4 1.67042
42.5 1.67593
42.6 1.68486
42.7 1.69541
42.8 1.70712
42.9 1.71575
43 1.7192
43.1 1.71663
43.2 1.70912
43.3 1.69792
43.4 1.68812
43.5 1.68171
43.6 1.68157
43.7 1.68464
43.8 1.68818
43.9 1.69187
44 1.69085
44.1 1.68609
44.2 1.68272
44.3 1.68338
44.4 1.68785
44.5 1.69156
44.6 1.69199
44.7 1.69266
44.8 1.69461
44.9 1.69203
45 1.6819
45.1 1.67074
45.2 1.67049
45.3 1.67872
45.4 1.68749
45.5 1.69222
45.6 1.69529
45.7 1.70393
45.8 1.71139
45.9 1.71032
46 1.69557
46.1 1.67964
46.2 1.67374
46.3 1.68462
46.4 1.69129
46.5 1.68435
46.6 1.66618
46.7 1.65508
46.8 1.65111
46.9 1.64971
47 1.65274
47.1 1.66311
47.2 1.67796
47.3 1.69151
47.4 1.70364
47.5 1.71148
47.6 1.72167
47.7 1.72054
47.8 1.70675
47.9 1.6926
48 1.6815
48.1 1.69265
48.2 1.69934
48.3 1.69094
48.4 1.68851
48.5 1.68391
48.6 1.6676
48.7 1.6562
48.8 1.6535
48.9 1.65854
49 1.66935
49.1 1.68849
49.2 1.69717
49.3 1.69274
49.4 1.68968
49.5 1.69087
49.6 1.6856
49.7 1.68067
49.8 1.68365
49.9 1.68809
50 1.69
