40 1.87827
40.1 1.88261
40.2 1.87902
40.3 1.86813
40.4 1.86109
40.5 1.85558
40.6 1.84916
40.7 1.84733
40.8 1.85638
40.9 1.89488
41 1.90142
41.1 1.89425
41.2 1.89085
41.3 1.90637
41.4 1.91061
41.5 1.88363
41.6 1.87065
41.7 1.89084
41.8 1.91415
41.9 1.90791
42 1.87361
42.1 1.85101
42.2 1.84932
42.3 1.86173
42.4 1.87583
42.5 1.86808
42.6 1.86938
42.7 1.87648
42.8 1.88778
42.9 1.89596
43 1.89396
43.1 1.88087
43.2 1.87383
43.3 1.88142
43.4 1.87538
43.5 1.88262
43.6 1.88454
43.7 1.87872
43.8 1.86715
43.9 1.86274
44 1.86907
44.1 1.87824
44.2 1.88687
44.3 1.89655
44.4 1.89201
44.5 1.87762
44.6 1.86646
44.7 1.86443
44.8 1.86448
44.9 1.86265
45 1.86339
45.1 1.86443
45.2 1.87021
45.3 1.91202
45.4 1.89836
45.5 1.90881
45.6 1.92392
45.7 1.92061
45.8 1.90606
45.9 1.88324
46 1.86182
46.1 1.85856
46.2 1.87953
46.3 1.89149
46.4 1.88397
46.5 1.90131
46.6 1.89638
46.7 1.89276
46.8 1.88426
46.9 1.87511
47 1.88068
47.1 1.88246
47.2 1.87974
47.3 1.88098
47.4 1.88669
47.5 1.8887
47.6 1.88248
47.7 1.87546
47.8 1.87363
47.9 1.88635
48 1.89086
48.1 1.89412
48.2 1.89207
48.3 1.88642
48.4 1.88524
48.5 1.88562
48.6 1.88509
48.7 1.88224
48.8 1.87884
48.9 1.87921
49 1.87834
49.1 1.87437
49.2 1.86109
49.3 1.85575
49.4 1.86794
49.5 1.88647
49.6 1.88612
49.7 1.87643
49.8 1.87065
49.9 1.87371
50 1.8783
