40 1.86325
40.1 1.85647
40.2 1.85145
40.3 1.85628
40.4 1.88912
40.5 1.87487
40.6 1.83734
40.7 1.85712
40.8 1.8995
40.9 1.8835
41 1.82542
41.1 1.80218
41.2 1.87112
41.3 1.84403
41.4 1.85756
41.5 1.87065
41.6 1.87419
41.7 1.85908
41.8 1.85134
41.9 1.85316
42 1.85979
42.1 1.86422
42.2 1.8576
42.3 1.85976
42.4 1.93001
42.5 1.93473
42.6 1.87404
42.7 1.82362
42.8 1.81398
42.9 1.82529
43 1.84075
43.1 1.85951
43.2 1.86306
43.3 1.84725
43.4 1.84314
43.5 1.85557
43.6 1.87357
43.7 1.87519
43.8 1.86879
43.9 1.87019
44 1.87578
44.1 1.87037
44.2 1.86142
44.3 1.85129
44.4 1.83286
44.5 1.82694
44.6 1.86565
44.7 1.89353
44.8 1.8982
44.9 1.88636
45 1.89456
45.1 1.85504
45.2 1.85432
45.3 1.83177
45.4 1.82496
45.5 1.84113
45.6 1.87573
45.7 1.88258
45.8 1.85484
45.9 1.84959
46 1.85449
46.1 1.84651
46.2 1.84159
46.3 1.82993
46.4 1.82259
46.5 1.87263
46.6 1.87885
46.7 1.8098
46.8 1.80115
46.9 1.85843
47 1.851
47.1 1.87487
47.2 1.87403
47.3 1.84922
47.4 1.8268
47.5 1.83203
47.6 1.88863
47.7 1.87222
47.8 1.81141
47.9 1.80951
48 1.85271
48.1 1.90523
48.2 1.91101
48.3 1.87278
48.4 1.8471
48.5 1.83796
48.6 1.83887
48.7 1.85402
48.8 1.86812
48.9 1.86602
49 1.85348
49.1 1.85281
49.2 1.86081
49.3 1.88042
49.4 1.8457
49.5 1.81606
49.6 1.85496
49.7 1.84317
49.8 1.82867
49.9 1.83592
50 1.82633
