40 1.66118
40.1 1.66969
40.2 1.6554
40.3 1.63118
40.4 1.62545
40.5 1.64165
40.6 1.63848
40.7 1.6319
40.8 1.63271
40.9 1.63611
41 1.63579
41.1 1.64228
41.2 1.65202
41.3 1.64719
41.4 1.62675
41.5 1.61793
41.6 1.64031
41.7 1.64456
41.8 1.64212
41.9 1.6421
42 1.63289
42.1 1.63813
42.2 1.65184
42.3 1.64701
42.4 1.64085
42.5 1.63922
42.6 1.64446
42.7 1.63954
42.8 1.63897
42.9 1.64129
43 1.64701
43.1 1.64505
43.2 1.63396
43.3 1.63114
43.4 1.63058
43.5 1.6292
43.6 1.64187
43.7 1.6558
43.8 1.65
43.9 1.65319
44 1.64833
44.1 1.6381
44.2 1.63139
44.3 1.62817
44.4 1.62764
44.5 1.62296
44.6 1.61907
44.7 1.62815
44.8 1.64373
44.9 1.64783
45 1.65934
45.1 1.64355
45.2 1.63144
45.3 1.64113
45.4 1.64201
45.5 1.63273
45.6 1.63494
45.7 1.64008
45.8 1.6429
45.9 1.63674
46 1.62726
46.1 1.63182
46.2 1.64005
46.3 1.63413
46.4 1.62742
46.5 1.62105
46.6 1.62665
46.7 1.64834
46.8 1.65781
46.9 1.64512
47 1.63371
47.1 1.63083
47.2 1.63122
47.3 1.6316
47.4 1.62552
47.5 1.62004
47.6 1.62082
47.7 1.63346
47.8 1.6415
47.9 1.63285
48 1.62381
48.1 1.62293
48.2 1.62024
48.3 1.63363
48.4 1.65192
48.5 1.64377
48.6 1.63584
48.7 1.64138
48.8 1.64547
48.9 1.63113
49 1.64628
49.1 1.68466
49.2 1.6865
49.3 1.65142
49.4 1.63646
49.5 1.61539
49.6 1.62191
49.7 1.63695
49.8 1.64457
49.9 1.6429
50 1.6248
