40 2.06101
40.1 2.07453
40.2 2.05814
40.3 2.04032
40.4 2.02797
40.5 2.02794
40.6 2.03105
40.7 2.03855
40.8 2.05677
40.9 2.06797
41 2.07514
41.1 2.08076
41.2 2.0781
41.3 2.06315
41.4 2.04337
41.5 2.03525
41.6 2.02902
41.7 2.01673
41.8 2.01243
41.9 2.02319
42 2.02269
42.1 2.02174
42.2 2.03229
42.3 2.04121
42.4 2.04556
42.5 2.04252
42.6 2.03107
42.7 2.02188
42.8 2.02145
42.9 2.00384
43 2.00515
43.1 1.98349
43.2 2.00746
43.3 2.04123
43.4 2.06256
43.5 2.04536
43.6 2.0295
43.7 2.03239
43.8 2.02345
43.9 2.00777
44 2.0229
44.1 2.05785
44.2 2.0607
44.3 2.05295
44.4 2.03563
44.5 2.01569
44.6 2.00103
44.7 2.00746
44.8 2.02334
44.9 2.03694
45 2.04845
45.1 2.04284
45.2 2.03579
45.3 2.02419
45.4 2.01595
45.5 2.0124
45.6 2.02016
45.7 2.03332
45.8 2.04507
45.9 2.04606
46 2.04347
46.1 2.0393
46.2 2.0365
46.3 2.035
46.4 2.02916
46.5 2.02344
46.6 2.01914
46.7 2.01325
46.8 2.00874
46.9 2.01121
47 2.03468
47.1 2.05006
47.2 2.0532
47.3 2.04528
47.4 2.03465
47.5 2.01981
47.6 2.00627
47.7 2.0129
47.8 2.01416
47.9 2.03738
48 2.08133
48.1 2.08235
48.2 2.06913
48.3 2.0608
48.4 2.05156
48.5 2.0311
48.6 2.01604
48.7 2.01287
48.8 2.01823
48.9 2.02743
49 2.03721
49.1 2.04954
49.2 2.05508
49.3 2.05614
49.4 2.04337
49.5 2.02838
49.6 2.01311
49.7 2.00605
49.8 1.99967
49.9 1.99354
50 2.00463
