40 1.83601
40.1 1.83413
40.2 1.84224
40.3 1.85117
40.4 1.83717
40.5 1.8149
40.6 1.79771
40.7 1.79218
40.8 1.81467
40.9 1.83836
41 1.80068
41.1 1.80097
41.2 1.84035
41.3 1.84571
41.4 1.8699
41.5 1.84294
41.6 1.81474
41.7 1.81092
41.8 1.81455
41.9 1.82417
42 1.83512
42.1 1.82864
42.2 1.82568
42.3 1.84391
42.4 1.84493
42.5 1.82467
42.6 1.81406
42.7 1.80936
42.8 1.82224
42.9 1.832
43 1.82813
43.1 1.82087
43.2 1.82399
43.3 1.84666
43.4 1.85777
43.5 1.8502
43.6 1.8364
43.7 1.82491
43.8 1.81887
43.9 1.83139
44 1.83886
44.1 1.82685
44.2 1.81603
44.3 1.81448
44.4 1.8144
44.5 1.83023
44.6 1.83348
44.7 1.82356
44.8 1.82297
44.9 1.83192
45 1.83439
45.1 1.84132
45.2 1.8475
45.3 1.84282
45.4 1.83077
45.5 1.8174
45.6 1.80976
45.7 1.81182
45.8 1.82429
45.9 1.82312
46 1.82366
46.1 1.83034
46.2 1.83345
46.3 1.83603
46.4 1.83824
46.5 1.83216
46.6 1.82436
46.7 1.8297
46.8 1.83636
46.9 1.83104
47 1.83333
47.1 1.83917
47.2 1.83804
47.3 1.82439
47.4 1.80911
47.5 1.80888
47.6 1.81588
47.7 1.82416
47.8 1.82217
47.9 1.83362
48 1.83481
48.1 1.8422
48.2 1.84858
48.3 1.85099
48.4 1.85011
48.5 1.84565
48.6 1.84304
48.7 1.84412
48.8 1.84157
48.9 1.82624
49 1.81081
49.1 1.81136
49.2 1.8331
49.3 1.8342
49.4 1.83845
49.5 1.8403
49.6 1.83565
49.7 1.83137
49.8 1.83741
49.9 1.84349
50 1.84192
