40 1.64688
40.1 1.65164
40.2 1.65076
40.3 1.64594
40.4 1.64402
40.5 1.6483
40.6 1.64766
40.7 1.67126
40.8 1.65998
40.9 1.63919
41 1.63411
41.1 1.66977
41.2 1.72353
41.3 1.72636
41.4 1.70616
41.5 1.6838
41.6 1.67461
41.7 1.67219
41.8 1.6625
41.9 1.66171
42 1.65841
42.1 1.64185
42.2 1.64883
42.3 1.66865
42.4 1.69037
42.5 1.69074
42.6 1.67678
42.7 1.66553
42.8 1.64876
42.9 1.64031
43 1.63852
43.1 1.64141
43.2 1.64029
43.3 1.63894
43.4 1.63927
43.5 1.63657
43.6 1.63888
43.7 1.66017
43.8 1.67796
43.9 1.67293
44 1.67967
44.1 1.68997
44.2 1.69299
44.3 1.69578
44.4 1.69239
44.5 1.68786
44.6 1.67872
44.7 1.65927
44.8 1.66759
44.9 1.67217
45 1.66263
45.1 1.66239
45.2 1.68718
45.3 1.70094
45.4 1.68459
45.5 1.65562
45.6 1.63467
45.7 1.63776
45.8 1.65842
45.9 1.67455
46 1.66908
46.1 1.66615
46.2 1.68337
46.3 1.68193
46.4 1.68412
46.5 1.69983
46.6 1.69556
46.7 1.69019
46.8 1.68828
46.9 1.66685
47 1.63688
47.1 1.61345
47.2 1.63751
47.3 1.68087
47.4 1.66301
47.5 1.63665
47.6 1.64921
47.7 1.68368
47.8 1.70356
47.9 1.68858
48 1.65392
48.1 1.63198
48.2 1.63256
48.3 1.61947
48.4 1.61145
48.5 1.61189
48.6 1.62558
48.7 1.66019
48.8 1.66553
48.9 1.67194
49 1.6723
49.1 1.66659
49.2 1.65095
49.3 1.63718
49.4 1.63255
49.5 1.64349
49.6 1.68352
49.7 1.70183
49.8 1.68893
49.9 1.66942
50 1.65403
