40 2.03112
40.1 2.02081
40.2 2.01552
40.3 2.01413
40.4 2.0174
40.5 2.01953
40.6 2.01995
40.7 2.01881
40.8 2.02007
40.9 2.02888
41 2.04004
41.1 2.02297
41.2 2.01552
41.3 2.01865
41.4 2.03056
41.5 2.04479
41.6 2.05804
41.7 2.05333
41.8 2.03302
41.9 2.02712
42 2.02451
42.1 2.03815
42.2 2.04613
42.3 2.0446
42.4 2.04425
42.5 2.02637
42.6 2.01668
42.7 2.02946
42.8 2.05162
42.9 2.041
43 2.02759
43.1 2.01435
43.2 2.01058
43.3 2.01355
43.4 2.03103
43.5 2.0494
43.6 2.05293
43.7 2.04425
43.8 2.04342
43.9 2.03387
44 2.02231
44.1 2.02021
44.2 2.02604
44.3 2.03049
44.4 2.02392
44.5 2.02759
44.6 2.0256
44.7 2.0267
44.8 2.0293
44.9 2.03943
45 2.0552
45.1 2.04293
45.2 2.0181
45.3 2.01261
45.4 2.01086
45.5 2.00649
45.6 2.0201
45.7 2.04052
45.8 2.03889
45.9 2.0314
46 2.03378
46.1 2.03612
46.2 2.02473
46.3 2.01728
46.4 2.02007
46.5 2.02187
46.6 2.03334
46.7 2.03571
46.8 2.03115
46.9 2.04051
47 2.04295
47.1 2.03644
47.2 2.03364
47.3 2.02874
47.4 2.02759
47.5 2.0348
47.6 2.02143
47.7 2.01488
47.8 2.02083
47.9 2.02924
48 2.04023
48.1 2.04321
48.2 2.02982
48.3 2.02837
48.4 2.02452
48.5 2.02672
48.6 2.03426
48.7 2.03991
48.8 2.04062
48.9 2.04122
49 2.0387
49.1 2.03173
49.2 2.02124
49.3 2.02745
49.4 2.03928
49.5 2.04886
49.6 2.05211
49.7 2.04333
49.8 2.02471
49.9 2.02022
50 2.02459
