40 2.07945
40.1 2.08123
40.2 2.08164
40.3 2.07934
40.4 2.06923
40.5 2.07402
40.6 2.06952
40.7 2.07283
40.8 2.07899
40.9 2.07361
41 2.07213
41.1 2.07771
41.2 2.08347
41.3 2.09147
41.4 2.10047
41.5 2.09197
41.6 2.07572
41.7 2.0619
41.8 2.05787
41.9 2.06555
42 2.08128
42.1 2.09389
42.2 2.09952
42.3 2.0955
42.4 2.08753
42.5 2.07427
42.6 2.06407
42.7 2.0626
42.8 2.069
42.9 2.08051
43 2.09334
43.1 2.09881
43.2 2.09715
43.3 2.09409
43.4 2.09089
43.5 2.08659
43.6 2.08054
43.7 2.07559
43.8 2.07998
43.9 2.09306
44 2.10615
44.1 2.10541
44.2 2.09154
44.3 2.07659
44.4 2.06882
44.5 2.06844
44.6 2.07033
44.7 2.07811
44.8 2.08717
44.9 2.09063
45 2.09225
45.1 2.09002
45.2 2.08181
45.3 2.0726
45.4 2.06803
45.5 2.06888
45.6 2.07253
45.7 2.07602
45.8 2.07854
45.9 2.0745
46 2.06795
46.1 2.0677
46.2 2.07539
46.3 2.0852
46.4 2.09216
46.5 2.09494
46.6 2.09467
46.7 2.09217
46.8 2.0883
46.9 2.08299
47 2.07833
47.1 2.07566
47.2 2.07608
47.3 2.07717
47.4 2.07677
47.5 2.07158
47.6 2.06619
47.7 2.06498
47.8 2.06727
47.9 2.07331
48 2.07872
48.1 2.08299
48.2 2.08347
48.3 2.08055
48.4 2.08221
48.5 2.0907
48.6 2.08607
48.7 2.07759
48.8 2.071
48.9 2.07102
49 2.07773
49.1 2.08563
49.2 2.09132
49.3 2.09093
49.4 2.08214
49.5 2.06894
49.6 2.05972
49.7 2.05114
49.8 2.04549
49.9 2.04467
50 2.05519
