#             x            0.45            0.45            0.45
#             y             5.6             4.1             2.6
#             z             1.7             1.5             1.3
#          Time
             40       1.8889123       2.1544896      0.62293151
           40.1       1.9693107       1.9318783      0.49546731
           40.2       1.9882342       1.6298438      0.41246906
           40.3       2.2043532       1.2007002      0.56471344
           40.4       2.3166653       1.2092893      0.57227597
           40.5       2.2244227       1.5047202      0.57766922
           40.6       1.9572721       1.7919419       1.3663502
           40.7       1.9660044       1.7011663       1.2522211
           40.8       2.0480168        1.286425       1.1453305
           40.9       1.7044312       1.4778353      0.74054688
             41       1.6312808       1.9528698      0.51625975
           41.1       1.8664061       1.8635699      0.59411477
           41.2       2.0621303       2.2984424       0.6771126
           41.3       1.9795006       2.2205059      0.62371807
           41.4       2.0221173       2.0535302      0.85408073
           41.5        1.906102        2.013727      0.83776214
           41.6       1.8915818       1.9269502      0.51021069
           41.7       2.0140474       1.9860906      0.38311285
           41.8       1.9591497       2.0035819      0.26149513
           41.9       1.8863617       2.0195495      0.30925007
             42       1.9564866       2.0069958       1.3214715
           42.1       1.9399015       2.0030653        1.329282
           42.2       2.0126573       1.9306882       1.2500962
           42.3        2.313196       2.0308862        0.830032
           42.4       2.2488549       2.0273326      0.62024331
           42.5       2.0856909        2.082464      0.46063461
           42.6       2.0879037       2.0368576      0.42237987
           42.7       2.1925173       1.9268759      0.39675492
           42.8       2.1464665       1.9773874        0.362273
           42.9       1.9231026        1.861004      0.35731679
             43       1.8033059       1.7974205      0.24795131
           43.1       2.0339693       2.0192759      0.12714787
           43.2       2.0558313       2.0768033      0.29257349
           43.3       2.0378486       2.2009176      0.61094572
           43.4        2.132521       2.2367424      0.58219275
           43.5       2.1058512       2.1366433       1.0148047
           43.6       1.5664101       2.0600738        1.174901
           43.7       1.4360134       2.0143064       1.0335585
           43.8       1.5021283       2.1824261      0.87578406
           43.9       1.5775277       2.1260754      0.61689067
             44       1.1208331       2.0949435      0.52990634
           44.1      0.66267131       2.0404703       0.5743413
           44.2      0.63302102       2.0152091      0.51755337
           44.3      0.99514795       1.8861428      0.48374382
           44.4       1.5458613       1.9243319      0.66013677
           44.5       1.8526194       1.8061933       1.3488694
           44.6       1.9630564       2.1330652       1.6652211
           44.7       2.1085309       2.0535172       1.4307677
           44.8       2.2905305        2.276336        1.332146
           44.9       2.2372141       2.2994903       1.5813164
             45        2.163682       2.2700854       1.9056194
           45.1       2.0688207       2.3185351       1.8239786
           45.2       2.0421413       2.0739483      0.95238314
           45.3       1.9836749       1.8937703      0.66155827
           45.4       1.9701473       1.9559452      0.75039906
           45.5       2.1975699       1.4396448       1.1323464
           45.6        2.285241       1.5115498       1.4525435
           45.7       2.0849625       1.6963784       1.9472366
           45.8       2.2059738       1.5119205       2.0378767
           45.9       2.0958862       1.6055962         1.86247
             46       2.3336834       1.7865307      0.98016125
           46.1       2.2525363       1.9009615      0.69209277
           46.2       2.1169562       1.9268709      0.62689836
           46.3       2.0278699       1.8431021      0.57052021
           46.4       1.9897142       1.7604908      0.60029629
           46.5       1.9766818       1.7586588      0.40908684
           46.6       2.0615174       1.9620648      0.40755881
           46.7       2.1164013       1.9644513       1.0800309
           46.8       1.9717373        1.814741        1.456445
           46.9       2.1041733       2.0143636       1.8189064
             47       2.1035517       2.2509104       1.4241974
           47.1       1.6948447       2.2286934      0.83038943
           47.2       1.9371417       2.1396293       0.6408261
           47.3       2.0476034       2.0315396       0.6045451
           47.4       2.2017252        1.757325      0.43314727
           47.5       1.9157488       1.9796235       0.3893489
           47.6       1.5350725       2.1380713      0.42511506
           47.7       1.6819838        2.289249       0.3712811
           47.8       1.8438285       2.2716128      0.36499195
           47.9       1.8688111       2.1231858      0.65052937
             48       1.8346266       1.9802507       1.0951049
           48.1       2.0094068       2.0220811       0.9020667
           48.2       2.0375963        2.076921      0.89412493
           48.3       2.1100454       2.1862522       1.2253862
           48.4       2.1515779       2.2374785      0.95380427
           48.5       2.0609387       2.1157718      0.50714603
           48.6       2.0514173       2.0384995      0.46950484
           48.7       1.8487475        2.102123      0.56060555
           48.8       1.3211748       1.9918532      0.57025096
           48.9      0.80982477       1.8531372      0.47030726
             49       1.0166411       1.6634664       1.2275041
           49.1       1.5747975       1.6298786       1.1958958
           49.2       1.9929914       1.8688729       1.0104687
           49.3       2.0908692       1.9651775       1.1117146
           49.4       2.0568626       1.9769897      0.94870813
           49.5       1.9519934        1.806621       1.1520012
           49.6       2.0650399       1.7922114         1.67093
           49.7       2.0893314       1.3268615       1.4922753
           49.8       2.0957722       1.1837934       1.6379815
           49.9       2.2310481       1.3974839       1.8586828
             50         2.17241       1.7440012       1.0807517
