1.3 	0.99969663
1.3010017 	0.99962448
1.3020033 	0.99952725
1.303005 	0.99943001
1.3040067 	0.99933278
1.3050083 	0.99923555
1.30601 	0.99913831
1.3070117 	0.99904108
1.3080134 	0.99894385
1.309015 	0.99884662
1.3100167 	0.99874938
1.3110184 	0.99865215
1.31202 	0.99855492
1.3130217 	0.99845768
1.3140234 	0.99836045
1.315025 	0.99826322
1.3160267 	0.99816599
1.3170284 	0.99806875
1.3180301 	0.99797152
1.3190317 	0.99787429
1.3200334 	0.99777706
1.3210351 	0.99767982
1.3220367 	0.99758259
1.3230384 	0.99748536
1.3240401 	0.99738812
1.3250417 	0.997086
1.3260434 	0.99677882
1.3270451 	0.99647165
1.3280467 	0.99616448
1.3290484 	0.9958573
1.3300501 	0.99555013
1.3310518 	0.99524296
1.3320534 	0.99493578
1.3330551 	0.99462861
1.3340568 	0.99432144
1.3350584 	0.99401426
1.3360601 	0.99370709
1.3370618 	0.99339992
1.3380634 	0.99309274
1.3390651 	0.99278557
1.3400668 	0.9924784
1.3410684 	0.99217122
1.3420701 	0.99186405
1.3430718 	0.99155688
1.3440735 	0.9912497
1.3450751 	0.99094253
1.3460768 	0.99063536
1.3470785 	0.99032818
1.3480801 	0.99002101
1.3490818 	0.98974909
1.3500835 	0.98912664
1.3510851 	0.98883615
1.3520868 	0.98854565
1.3530885 	0.98825516
1.3540902 	0.98796467
1.3550918 	0.98767417
1.3560935 	0.98738368
1.3570952 	0.98709319
1.3580968 	0.98680269
1.3590985 	0.9865122
1.3601002 	0.98622171
1.3611018 	0.98593121
1.3621035 	0.98564072
1.3631052 	0.98535023
1.3641068 	0.98505974
1.3651085 	0.98476924
1.3661102 	0.98447875
1.3671119 	0.98418826
1.3681135 	0.98389776
1.3691152 	0.98360727
1.3701169 	0.98331678
1.3711185 	0.98302628
1.3721202 	0.98273579
1.3731219 	0.9824453
1.3741235 	0.9821548
1.3751252 	0.98205707
1.3761269 	0.98222299
1.3771285 	0.98238891
1.3781302 	0.98255483
1.3791319 	0.98272075
1.3801336 	0.98288666
1.3811352 	0.98305258
1.3821369 	0.9832185
1.3831386 	0.98338442
1.3841402 	0.98355034
1.3851419 	0.98371626
1.3861436 	0.98388218
1.3871452 	0.9840481
1.3881469 	0.98421401
1.3891486 	0.98437993
1.3901503 	0.98454585
1.3911519 	0.98471177
1.3921536 	0.98487769
1.3931553 	0.98504361
1.3941569 	0.98520953
1.3951586 	0.98537545
1.3961603 	0.98554136
1.3971619 	0.98570728
1.3981636 	0.9858732
1.3991653 	0.98603912
1.4001669 	0.98652242
1.4011686 	0.98683746
1.4021703 	0.98715251
1.403172 	0.98746921
1.4041736 	0.98778843
1.4051753 	0.98810764
1.406177 	0.98842686
1.4071786 	0.98874607
1.4081803 	0.98906529
1.409182 	0.9893845
1.4101836 	0.98970372
1.4111853 	0.99002293
1.412187 	0.99034215
1.4131886 	0.99066136
1.4141903 	0.99098058
1.415192 	0.99129979
1.4161937 	0.99161901
1.4171953 	0.99193822
1.418197 	0.99225743
1.4191987 	0.99257659
1.4202003 	0.99289575
1.421202 	0.9932149
1.4222037 	0.99353406
1.4232053 	0.99385322
1.424207 	0.99417237
1.4252087 	0.99412876
1.4262104 	0.99392735
1.427212 	0.99372594
1.4282137 	0.99352453
1.4292154 	0.99332312
1.430217 	0.99312171
1.4312187 	0.9929203
1.4322204 	0.99271889
1.433222 	0.99251748
1.4342237 	0.99231606
1.4352254 	0.99211381
1.436227 	0.99190509
1.4372287 	0.99169637
1.4382304 	0.99148765
1.4392321 	0.99127893
1.4402337 	0.99107021
1.4412354 	0.99086149
1.4422371 	0.99065277
1.4432387 	0.99044405
1.4442404 	0.99023533
1.4452421 	0.99002661
1.4462437 	0.98981789
1.4472454 	0.98960917
1.4482471 	0.98940045
1.4492487 	0.98919173
1.4502504 	0.98852954
1.4512521 	0.9878223
1.4522538 	0.98711506
1.4532554 	0.98640782
1.4542571 	0.98570058
1.4552588 	0.98499334
1.4562604 	0.98428611
1.4572621 	0.98357887
1.4582638 	0.98287163
1.4592654 	0.98216439
1.4602671 	0.98145715
1.4612688 	0.98074992
1.4622705 	0.98004268
1.4632721 	0.97933544
1.4642738 	0.9786282
1.4652755 	0.97792096
1.4662771 	0.97721372
1.4672788 	0.97650649
1.4682805 	0.97579925
1.4692821 	0.97509201
1.4702838 	0.97438477
1.4712855 	0.97367753
1.4722871 	0.97297029
1.4732888 	0.97226306
1.4742905 	0.97155582
1.4752922 	0.97111581
1.4762938 	0.97132375
1.4772955 	0.97153169
1.4782972 	0.97173964
1.4792988 	0.97194758
1.4803005 	0.97215553
1.4813022 	0.97236347
1.4823038 	0.97257141
1.4833055 	0.97277936
1.4843072 	0.9729873
1.4853088 	0.97319524
1.4863105 	0.97340319
1.4873122 	0.97361113
1.4883139 	0.97381907
1.4893155 	0.97402702
1.4903172 	0.97423496
1.4913189 	0.9744429
1.4923205 	0.97465085
1.4933222 	0.97485879
1.4943239 	0.97506673
1.4953255 	0.97527468
1.4963272 	0.97548262
1.4973289 	0.97569057
1.4983306 	0.97589851
1.4993322 	0.97608863
1.5003339 	0.97682188
1.5013356 	0.97744676
1.5023372 	0.97806463
1.5033389 	0.97868251
1.5043406 	0.97930038
1.5053422 	0.97991826
1.5063439 	0.98053613
1.5073456 	0.98115401
1.5083472 	0.98177188
1.5093489 	0.98238976
1.5103506 	0.98300763
1.5113523 	0.98362551
1.5123539 	0.98424338
1.5133556 	0.98486126
1.5143573 	0.98547913
1.5153589 	0.98609701
1.5163606 	0.98671488
1.5173623 	0.98733276
1.5183639 	0.98795063
1.5193656 	0.98856851
1.5203673 	0.98918638
1.5213689 	0.98980426
1.5223706 	0.99042213
1.5233723 	0.99104001
1.524374 	0.99165788
1.5253756 	0.99167207
1.5263773 	0.99129789
1.527379 	0.99092372
1.5283806 	0.99054954
1.5293823 	0.99017536
1.530384 	0.98980118
1.5313856 	0.989427
1.5323873 	0.98905282
1.533389 	0.98867864
1.5343907 	0.98830446
1.5353923 	0.98793028
1.536394 	0.9875561
1.5373957 	0.98718192
1.5383973 	0.98680775
1.539399 	0.98643357
1.5404007 	0.98605939
1.5414023 	0.98568521
1.542404 	0.98531103
1.5434057 	0.98493685
1.5444073 	0.98456267
1.545409 	0.98418849
1.5464107 	0.98381431
1.5474124 	0.98344013
1.548414 	0.98306595
1.5494157 	0.98295118
1.5504174 	0.98288574
1.551419 	0.98061208
1.5524207 	0.97779139
1.5534224 	0.97497069
1.554424 	0.97215
1.5554257 	0.9693293
1.5564274 	0.96650861
1.557429 	0.96368791
1.5584307 	0.96086722
1.5594324 	0.95804652
1.5604341 	0.95522583
1.5614357 	0.95240513
1.5624374 	0.94958444
1.5634391 	0.94676374
1.5644407 	0.94394305
1.5654424 	0.94112235
1.5664441 	0.93830166
1.5674457 	0.93548096
1.5684474 	0.93266027
1.5694491 	0.92983957
1.5704508 	0.92701888
1.5714524 	0.92419818
1.5724541 	0.92137749
1.5734558 	0.91855679
1.5744574 	0.9157361
1.5754591 	0.9131691
1.5764608 	0.91056633
1.5774624 	0.90796357
1.5784641 	0.90536081
1.5794658 	0.90275805
1.5804674 	0.90015529
1.5814691 	0.89755253
1.5824708 	0.89494976
1.5834725 	0.892347
1.5844741 	0.88974424
1.5854758 	0.88714148
1.5864775 	0.88453872
1.5874791 	0.88193596
1.5884808 	0.87933319
1.5894825 	0.87673043
1.5904841 	0.87412767
1.5914858 	0.87152491
1.5924875 	0.86892215
1.5934891 	0.86631939
1.5944908 	0.86371662
1.5954925 	0.86111386
1.5964942 	0.8585111
1.5974958 	0.85590834
1.5984975 	0.85330558
1.5994992 	0.851
1.6005008 	0.84628454
1.6015025 	0.84329253
1.6025042 	0.84137304
1.6035058 	0.83945356
1.6045075 	0.83753408
1.6055092 	0.83561459
1.6065109 	0.83369511
1.6075125 	0.83177562
1.6085142 	0.82985614
1.6095159 	0.82793666
1.6105175 	0.82601717
1.6115192 	0.82409769
1.6125209 	0.8221782
1.6135225 	0.82025872
1.6145242 	0.81833924
1.6155259 	0.81641975
1.6165275 	0.81450027
1.6175292 	0.81258078
1.6185309 	0.8106613
1.6195326 	0.80874182
1.6205342 	0.80682233
1.6215359 	0.80490285
1.6225376 	0.80298337
1.6235392 	0.80106388
1.6245409 	0.7991444
1.6255426 	0.78943147
1.6265442 	0.77584245
1.6275459 	0.76225342
1.6285476 	0.74866439
1.6295492 	0.73507537
1.6305509 	0.72148634
1.6315526 	0.70789732
1.6325543 	0.69430829
1.6335559 	0.68071926
1.6345576 	0.66713024
1.6355593 	0.65354121
1.6365609 	0.63995219
1.6375626 	0.62636316
1.6385643 	0.61277413
1.6395659 	0.59918511
1.6405676 	0.58559608
1.6415693 	0.57200706
1.642571 	0.55841803
1.6435726 	0.544829
1.6445743 	0.53123998
1.645576 	0.51765095
1.6465776 	0.50406192
1.6475793 	0.4904729
1.648581 	0.47688387
1.6495826 	0.46429753
1.6505843 	0.45033363
1.651586 	0.43554662
1.6525876 	0.42053164
1.6535893 	0.40551666
1.654591 	0.39050168
1.6555927 	0.3754867
1.6565943 	0.36047172
1.657596 	0.34545674
1.6585977 	0.33044176
1.6595993 	0.31542678
1.660601 	0.3004118
1.6616027 	0.28539682
1.6626043 	0.27038184
1.663606 	0.25536686
1.6646077 	0.24035188
1.6656093 	0.2253369
1.666611 	0.21032192
1.6676127 	0.19530694
1.6686144 	0.18029196
1.669616 	0.16527698
1.6706177 	0.150262
1.6716194 	0.13524702
1.672621 	0.12023204
1.6736227 	0.10521706
1.6746244 	0.090202076
1.675626 	0.08414913
1.6766277 	0.080832898
1.6776294 	0.077516666
1.6786311 	0.074200434
1.6796327 	0.070884203
1.6806344 	0.067567971
1.6816361 	0.064251739
1.6826377 	0.060935508
1.6836394 	0.057619276
1.6846411 	0.054303044
1.6856427 	0.050986812
1.6866444 	0.047670581
1.6876461 	0.044354349
1.6886477 	0.041038117
1.6896494 	0.037721886
1.6906511 	0.034405654
1.6916528 	0.031089422
1.6926544 	0.027773191
1.6936561 	0.024456959
1.6946578 	0.021140727
1.6956594 	0.017824495
1.6966611 	0.014508264
1.6976628 	0.011192032
1.6986644 	0.0078758004
1.6996661 	0.003331992
1.7006678 	0.0023511788
1.7016694 	0.0022537489
1.7026711 	0.0021563189
1.7036728 	0.002058889
1.7046745 	0.001961459
1.7056761 	0.0018640291
1.7066778 	0.0017665991
1.7076795 	0.0016691692
1.7086811 	0.0015717392
1.7096828 	0.0014743093
1.7106845 	0.0013768793
1.7116861 	0.0012794494
1.7126878 	0.0011820194
1.7136895 	0.0010845895
1.7146912 	0.00098715952
1.7156928 	0.00088972957
1.7166945 	0.00079229962
1.7176962 	0.00069486967
1.7186978 	0.00059743972
1.7196995 	0.00050000977
1.7207012 	0.00040257981
1.7217028 	0.00030514986
1.7227045 	0.00020771991
1.7237062 	0.00011028996
