1.3 	0.99988324
1.3010017 	0.99987658
1.3020033 	0.99986332
1.303005 	0.99985007
1.3040067 	0.99983681
1.3050083 	0.99982356
1.30601 	0.9998103
1.3070117 	0.99979704
1.3080134 	0.99978379
1.309015 	0.99977053
1.3100167 	0.99975727
1.3110184 	0.99974402
1.31202 	0.99973076
1.3130217 	0.99971751
1.3140234 	0.99970425
1.315025 	0.99969099
1.3160267 	0.99967774
1.3170284 	0.99966448
1.3180301 	0.99965123
1.3190317 	0.99963797
1.3200334 	0.99962471
1.3210351 	0.99961146
1.3220367 	0.9995982
1.3230384 	0.99958495
1.3240401 	0.99957169
1.3250417 	0.99955569
1.3260434 	0.99953555
1.3270451 	0.9995154
1.3280467 	0.99949526
1.3290484 	0.99947511
1.3300501 	0.99945497
1.3310518 	0.99943482
1.3320534 	0.99941468
1.3330551 	0.99939453
1.3340568 	0.99937439
1.3350584 	0.99935425
1.3360601 	0.9993341
1.3370618 	0.99931396
1.3380634 	0.99929381
1.3390651 	0.99927367
1.3400668 	0.99925352
1.3410684 	0.99923338
1.3420701 	0.99921324
1.3430718 	0.99919309
1.3440735 	0.99917295
1.3450751 	0.9991528
1.3460768 	0.99913266
1.3470785 	0.99911251
1.3480801 	0.99909237
1.3490818 	0.99908462
1.3500835 	0.99907526
1.3510851 	0.99906064
1.3520868 	0.99904603
1.3530885 	0.99903142
1.3540902 	0.9990168
1.3550918 	0.99900219
1.3560935 	0.99898757
1.3570952 	0.99897296
1.3580968 	0.99895834
1.3590985 	0.99894373
1.3601002 	0.99892912
1.3611018 	0.9989145
1.3621035 	0.99889989
1.3631052 	0.99888527
1.3641068 	0.99887066
1.3651085 	0.99885604
1.3661102 	0.99884143
1.3671119 	0.99882681
1.3681135 	0.9988122
1.3691152 	0.99879759
1.3701169 	0.99878297
1.3711185 	0.99876836
1.3721202 	0.99875374
1.3731219 	0.99873913
1.3741235 	0.99872451
1.3751252 	0.99866776
1.3761269 	0.9985824
1.3771285 	0.99849703
1.3781302 	0.99841167
1.3791319 	0.99832631
1.3801336 	0.99824094
1.3811352 	0.99815558
1.3821369 	0.99807021
1.3831386 	0.99798485
1.3841402 	0.99789948
1.3851419 	0.99781412
1.3861436 	0.99772875
1.3871452 	0.99764339
1.3881469 	0.99755802
1.3891486 	0.99747266
1.3901503 	0.99738729
1.3911519 	0.99730193
1.3921536 	0.99721656
1.3931553 	0.9971312
1.3941569 	0.99704583
1.3951586 	0.99696047
1.3961603 	0.9968751
1.3971619 	0.99678974
1.3981636 	0.99670437
1.3991653 	0.99661901
1.4001669 	0.99657295
1.4011686 	0.99659435
1.4021703 	0.99661575
1.403172 	0.99663775
1.4041736 	0.99666065
1.4051753 	0.99668355
1.406177 	0.99670645
1.4071786 	0.99672935
1.4081803 	0.99675225
1.409182 	0.99677515
1.4101836 	0.99679805
1.4111853 	0.99682095
1.412187 	0.99684385
1.4131886 	0.99686675
1.4141903 	0.99688964
1.415192 	0.99691254
1.4161937 	0.99693544
1.4171953 	0.99695834
1.418197 	0.99698121
1.4191987 	0.9970006
1.4202003 	0.99702
1.421202 	0.9970394
1.4222037 	0.9970588
1.4232053 	0.99707819
1.424207 	0.99709759
1.4252087 	0.99719615
1.4262104 	0.99730256
1.427212 	0.99740898
1.4282137 	0.99751539
1.4292154 	0.9976218
1.430217 	0.99772822
1.4312187 	0.99783463
1.4322204 	0.99794104
1.433222 	0.99804746
1.4342237 	0.99815387
1.4352254 	0.99826025
1.436227 	0.99836643
1.4372287 	0.9984726
1.4382304 	0.99857877
1.4392321 	0.99868494
1.4402337 	0.99879111
1.4412354 	0.99889728
1.4422371 	0.99900345
1.4432387 	0.99910962
1.4442404 	0.99921579
1.4452421 	0.99932196
1.4462437 	0.99942813
1.4472454 	0.99953431
1.4482471 	0.99964048
1.4492487 	0.99974665
1.4502504 	0.99934091
1.4512521 	0.99865227
1.4522538 	0.99796363
1.4532554 	0.99727499
1.4542571 	0.99658635
1.4552588 	0.99589771
1.4562604 	0.99520907
1.4572621 	0.99452043
1.4582638 	0.99383179
1.4592654 	0.99314315
1.4602671 	0.99245451
1.4612688 	0.99176587
1.4622705 	0.99107723
1.4632721 	0.99038859
1.4642738 	0.98969995
1.4652755 	0.98901131
1.4662771 	0.98832267
1.4672788 	0.98763403
1.4682805 	0.98694539
1.4692821 	0.98625675
1.4702838 	0.98556811
1.4712855 	0.98487947
1.4722871 	0.98419083
1.4732888 	0.98350219
1.4742905 	0.98281355
1.4752922 	0.98230504
1.4762938 	0.98209542
1.4772955 	0.98188579
1.4782972 	0.98167617
1.4792988 	0.98146654
1.4803005 	0.98125692
1.4813022 	0.98104729
1.4823038 	0.98083767
1.4833055 	0.98062804
1.4843072 	0.98041841
1.4853088 	0.98020879
1.4863105 	0.97999916
1.4873122 	0.97978954
1.4883139 	0.97957991
1.4893155 	0.97937029
1.4903172 	0.97916066
1.4913189 	0.97895104
1.4923205 	0.97874141
1.4933222 	0.97853179
1.4943239 	0.97832216
1.4953255 	0.97811254
1.4963272 	0.97790291
1.4973289 	0.97769329
1.4983306 	0.97748366
1.4993322 	0.9772655
1.5003339 	0.97774005
1.5013356 	0.97829411
1.5023372 	0.978823
1.5033389 	0.9793519
1.5043406 	0.97988079
1.5053422 	0.98040968
1.5063439 	0.98093857
1.5073456 	0.98146747
1.5083472 	0.98199636
1.5093489 	0.98252525
1.5103506 	0.98305414
1.5113523 	0.98358303
1.5123539 	0.98411193
1.5133556 	0.98464082
1.5143573 	0.98516971
1.5153589 	0.9856986
1.5163606 	0.98622749
1.5173623 	0.98675639
1.5183639 	0.98728528
1.5193656 	0.98781417
1.5203673 	0.98834306
1.5213689 	0.98887195
1.5223706 	0.98940085
1.5233723 	0.98992974
1.524374 	0.99045863
1.5253756 	0.99048366
1.5263773 	0.99033175
1.527379 	0.99017985
1.5283806 	0.99002794
1.5293823 	0.98987603
1.530384 	0.98972412
1.5313856 	0.98957222
1.5323873 	0.98942031
1.533389 	0.9892684
1.5343907 	0.98911649
1.5353923 	0.98896459
1.536394 	0.98881268
1.5373957 	0.98866077
1.5383973 	0.98850886
1.539399 	0.98835696
1.5404007 	0.98820505
1.5414023 	0.98805314
1.542404 	0.98790123
1.5434057 	0.98774933
1.5444073 	0.98759742
1.545409 	0.98744551
1.5464107 	0.9872936
1.5474124 	0.9871417
1.548414 	0.98698979
1.5494157 	0.98685106
1.5504174 	0.98552106
1.551419 	0.98196718
1.5524207 	0.97816955
1.5534224 	0.97437193
1.554424 	0.97057431
1.5554257 	0.96677669
1.5564274 	0.96297907
1.557429 	0.95918145
1.5584307 	0.95538383
1.5594324 	0.95158621
1.5604341 	0.94778859
1.5614357 	0.94399097
1.5624374 	0.94019335
1.5634391 	0.93639573
1.5644407 	0.93259811
1.5654424 	0.92880049
1.5664441 	0.92500287
1.5674457 	0.92120525
1.5684474 	0.91740763
1.5694491 	0.91361001
1.5704508 	0.90981239
1.5714524 	0.90601477
1.5724541 	0.90221715
1.5734558 	0.89841953
1.5744574 	0.89462191
1.5754591 	0.89053559
1.5764608 	0.88674411
1.5774624 	0.88295263
1.5784641 	0.87916114
1.5794658 	0.87536966
1.5804674 	0.87157817
1.5814691 	0.86778669
1.5824708 	0.8639952
1.5834725 	0.86020372
1.5844741 	0.85641223
1.5854758 	0.85262075
1.5864775 	0.84882927
1.5874791 	0.84503778
1.5884808 	0.8412463
1.5894825 	0.83745481
1.5904841 	0.83366333
1.5914858 	0.82987184
1.5924875 	0.82608036
1.5934891 	0.82228888
1.5944908 	0.81849739
1.5954925 	0.81470591
1.5964942 	0.81091442
1.5974958 	0.80712294
1.5984975 	0.80333145
1.5994992 	0.79873391
1.6005008 	0.79464842
1.6015025 	0.79467133
1.6025042 	0.79584327
1.6035058 	0.79701522
1.6045075 	0.79818716
1.6055092 	0.79935911
1.6065109 	0.80053105
1.6075125 	0.801703
1.6085142 	0.80287494
1.6095159 	0.80404688
1.6105175 	0.80521883
1.6115192 	0.80639077
1.6125209 	0.80756272
1.6135225 	0.80873466
1.6145242 	0.80990661
1.6155259 	0.81107855
1.6165275 	0.8122505
1.6175292 	0.81342244
1.6185309 	0.81459438
1.6195326 	0.81576633
1.6205342 	0.81693827
1.6215359 	0.81811022
1.6225376 	0.81928216
1.6235392 	0.82045411
1.6245409 	0.82162605
1.6255426 	0.81548478
1.6265442 	0.80368446
1.6275459 	0.79188414
1.6285476 	0.78008382
1.6295492 	0.76828349
1.6305509 	0.75648317
1.6315526 	0.74468285
1.6325543 	0.73288253
1.6335559 	0.7210822
1.6345576 	0.70928188
1.6355593 	0.69748156
1.6365609 	0.68568123
1.6375626 	0.67388091
1.6385643 	0.66208059
1.6395659 	0.65028027
1.6405676 	0.63847994
1.6415693 	0.62667962
1.642571 	0.6148793
1.6435726 	0.60307898
1.6445743 	0.59127865
1.645576 	0.57947833
1.6465776 	0.56767801
1.6475793 	0.55587769
1.648581 	0.54407736
1.6495826 	0.53282934
1.6505843 	0.51765197
1.651586 	0.50088928
1.6525876 	0.48367569
1.6535893 	0.4664621
1.654591 	0.4492485
1.6555927 	0.43203491
1.6565943 	0.41482132
1.657596 	0.39760773
1.6585977 	0.38039414
1.6595993 	0.36318055
1.660601 	0.34596696
1.6616027 	0.32875337
1.6626043 	0.31153978
1.663606 	0.29432618
1.6646077 	0.27711259
1.6656093 	0.259899
1.666611 	0.24268541
1.6676127 	0.22547182
1.6686144 	0.20825823
1.669616 	0.19104464
1.6706177 	0.17383105
1.6716194 	0.15661745
1.672621 	0.13940386
1.6736227 	0.12219027
1.6746244 	0.10497668
1.675626 	0.098199036
1.6766277 	0.094136245
1.6776294 	0.090073455
1.6786311 	0.086010665
1.6796327 	0.081947874
1.6806344 	0.077885084
1.6816361 	0.073822293
1.6826377 	0.069759503
1.6836394 	0.065696713
1.6846411 	0.061633922
1.6856427 	0.057571132
1.6866444 	0.053508341
1.6876461 	0.049445551
1.6886477 	0.045382761
1.6896494 	0.04131997
1.6906511 	0.03725718
1.6916528 	0.03319439
1.6926544 	0.029131599
1.6936561 	0.025068809
1.6946578 	0.021006018
1.6956594 	0.016943228
1.6966611 	0.012880438
1.6976628 	0.0088176472
1.6986644 	0.0047548568
1.6996661 	0.00087223901
1.7006678 	0.00030822185
1.7016694 	0.0002954473
1.7026711 	0.00028267275
1.7036728 	0.0002698982
1.7046745 	0.00025712365
1.7056761 	0.00024434909
1.7066778 	0.00023157454
1.7076795 	0.00021879999
1.7086811 	0.00020602544
1.7096828 	0.00019325089
1.7106845 	0.00018047634
1.7116861 	0.00016770179
1.7126878 	0.00015492723
1.7136895 	0.00014215268
1.7146912 	0.00012937813
1.7156928 	0.00011660358
1.7166945 	0.00010382903
